% 参数存放文件
%Initialization
Emax_0 = 100;
Imax_0 = 100;
Smax_0 = 100;

% K
k_R = 495.00; % 75e+4 / 1515.1439;
k_C = 0.367;  % 2e+4 / 1515.1439;
% Alpha
 alpha = zeros(7);
 alpha(1, 2) = 0.0207 * 160 / 1700;
 alpha(1, 3 : 5) = [10.6960, 9.7395, 18.8652] * 160 / 1700;
 alpha(1 : 5, 6) = [10, 5, 20, 15, 10]';
 alpha(1, 7) = 5.339 * 160 / 1700;
% Beta
beta = zeros(7);
beta(1, 2) = 2.16;
beta(1, 3 : 5) = [1, 1, 1];
beta(1 : 5, 6) = [1.2, 1.1, 1.3, 1.2, 1.1]';
beta(1, 7) = 2.149;

% Gamma
gamma = zeros(7);
gamma(6, 1) = 3;
gamma(1, 3 : 5) = [0.1001, 0.0715, 0.1285] / 12 * 160 / 1700;
gamma(7, 3 : 5) = [0.1752, 0.2377, 0.2120] / 240 / 100;
% Eta
eta = zeros(7);
eta(6, 1) = 1.2;
eta(1, 3 : 5) = [1, 1, 1];
eta(7, 3 : 5) = [1, 1, 1];






